Datetime,Version,Total Lines,Clojure Lines,ClojureScript Lines
2024-08-31 21:12:39,0.1.0-alpha.1,46524,15289,31235
2024-09-01 04:32:51,0.1.0-alpha.1,46659,15408,31251
2024-09-02 08:43:48,0.1.1-alpha,46877,15554,31323
2024-09-12 16:44:57,0.1.4-alpha,46994,15837,31157
2024-09-14 13:37:55,0.1.4-alpha,46937,15779,31158
2024-09-15 20:12:23,0.1.4-alpha,47429,16223,31206
2024-09-18 21:46:22,0.1.4-alpha,47884,16686,31198
2024-09-21 22:09:57,0.1.4-alpha,50364,17225,33139
2024-09-22 02:26:34,0.1.4-alpha,50336,17134,33202
2024-09-22 22:17:06,0.1.4-alpha,50367,17041,33326
2024-09-23 21:03:49,0.1.4-alpha,49196,17023,32173
2024-09-24 02:16:34,0.1.4-alpha,49294,17023,32271
2024-09-24 20:43:41,0.1.4-alpha,49550,17256,32294
2024-09-25 03:21:09,0.1.4-alpha,49732,17255,32477
2024-09-27 01:10:36,0.1.4-alpha,50056,17338,32718
2024-09-27 23:25:09,0.1.4-alpha,50105,17378,32727
2024-09-28 04:30:59,0.1.4-alpha,50071,17337,32734
2024-09-29 01:07:51,0.1.4-alpha,50167,17393,32774
2024-09-30 05:58:17,0.1.4-alpha,50553,17663,32890
2024-09-30 06:14:30,0.1.4-alpha,50511,17621,32890
2024-10-02 00:47:23,0.1.4-alpha,50725,17610,33115
2024-10-02 08:07:59,0.1.4-alpha,50890,17711,33179
2024-10-03 10:31:21,0.1.4-alpha,51033,17785,33248
2024-10-04 13:46:49,0.1.4-alpha,51245,17872,33373
2024-10-05 13:18:40,0.1.4-alpha,51583,17902,33681
2024-10-06 02:55:21,0.1.4-alpha,51699,17888,33811
2024-10-06 15:31:01,0.1.7-alpha,51899,17888,34011
2024-10-09 10:18:27,0.1.7-alpha,52871,17996,34875
