Datetime,Version,Total Lines,Clojure Lines,ClojureScript Lines
2024-08-31 21:12:39,0.1.0-alpha.1,46524,15289,31235
2024-09-01 04:32:51,0.1.0-alpha.1,46659,15408,31251
2024-09-02 08:43:48,0.1.1-alpha,46877,15554,31323
2024-09-12 16:44:57,0.1.4-alpha,46994,15837,31157
2024-09-14 13:37:55,0.1.4-alpha,46937,15779,31158
2024-09-15 20:12:23,0.1.4-alpha,47429,16223,31206
2024-09-18 21:46:22,0.1.4-alpha,47884,16686,31198
2024-09-21 22:09:57,0.1.4-alpha,50364,17225,33139
2024-09-22 02:26:34,0.1.4-alpha,50336,17134,33202
2024-09-22 22:17:06,0.1.4-alpha,50367,17041,33326
2024-09-23 21:03:49,0.1.4-alpha,49196,17023,32173
2024-09-24 02:16:34,0.1.4-alpha,49294,17023,32271
2024-09-24 20:43:41,0.1.4-alpha,49550,17256,32294
2024-09-25 03:21:09,0.1.4-alpha,49732,17255,32477
2024-09-27 01:10:36,0.1.4-alpha,50056,17338,32718
2024-09-27 23:25:09,0.1.4-alpha,50105,17378,32727
2024-09-28 04:30:59,0.1.4-alpha,50071,17337,32734
2024-09-29 01:07:51,0.1.4-alpha,50167,17393,32774
2024-09-30 05:58:17,0.1.4-alpha,50553,17663,32890
2024-09-30 06:14:30,0.1.4-alpha,50511,17621,32890
2024-10-02 00:47:23,0.1.4-alpha,50725,17610,33115
2024-10-02 08:07:59,0.1.4-alpha,50890,17711,33179
2024-10-03 10:31:21,0.1.4-alpha,51033,17785,33248
2024-10-04 13:46:49,0.1.4-alpha,51245,17872,33373
2024-10-05 13:18:40,0.1.4-alpha,51583,17902,33681
2024-10-06 02:55:21,0.1.4-alpha,51699,17888,33811
2024-10-06 15:31:01,0.1.7-alpha,51899,17888,34011
2024-10-09 10:18:27,0.1.7-alpha,52871,17996,34875
2024-10-09 21:28:08,0.1.7-alpha,53050,18028,35022
2024-10-10 20:35:12,0.1.7-alpha,53300,18093,35207
2024-10-11 21:26:08,0.1.7-alpha,53401,18078,35323
2024-10-12 19:56:19,0.1.7-alpha,53688,18078,35610
2024-10-13 21:03:41,0.1.7-alpha,54093,18076,36017
2024-10-14 21:38:13,0.1.7-alpha,54280,18106,36174
2024-10-16 10:15:46,0.1.7-alpha,54346,18104,36242
2024-10-16 20:12:35,0.1.7-alpha,54419,18150,36269
2024-10-17 03:14:23,0.1.7-alpha,54512,18243,36269
2024-10-17 18:47:22,0.1.7-alpha,54633,18360,36273
2024-10-18 00:49:07,0.2.0-alpha,54695,18418,36277
2024-10-18 20:20:26,0.2.0-alpha,54774,18497,36277
2024-10-19 20:29:55,0.2.0-alpha,54837,18553,36284
2024-10-20 01:35:09,0.2.0-alpha,54866,18580,36286
2024-10-21 00:37:56,0.2.0-alpha,54991,18680,36311
2024-10-21 03:14:39,0.2.0-alpha,54983,18680,36303
2024-10-21 03:42:50,0.2.0-alpha,54985,18682,36303
2024-10-21 03:53:53,0.2.0-alpha,54985,18682,36303
2024-10-21 04:08:50,0.2.0-alpha,54985,18682,36303
2024-10-21 04:43:58,0.2.0-alpha,54985,18682,36303
2024-10-23 05:56:47,0.2.0-alpha,55205,18833,36372
2024-10-23 20:58:54,0.2.0-alpha,55289,18906,36383
2024-10-25 03:59:45,0.2.0-alpha,55268,18874,36394
2024-10-26 02:56:30,0.2.0-alpha,55494,18932,36562
2024-10-28 04:38:05,0.2.0-alpha,55545,18999,36546
2024-10-29 04:17:13,0.2.0-alpha,55594,19014,36580
2024-10-31 06:48:19,0.2.0-alpha,56006,19261,36745
2024-10-31 21:35:53,0.2.0-alpha,56150,19273,36877
2024-11-01 07:34:14,0.2.0-alpha,56285,19304,36981
2024-11-02 03:30:36,0.2.0-alpha,56424,19401,37023
2024-11-02 10:23:55,0.2.0-alpha,56510,19473,37037
2024-11-03 05:09:41,0.2.0-alpha,56603,19499,37104
2024-11-04 09:01:22,0.2.0-alpha,57130,19843,37287
2024-11-05 18:23:53,0.2.0-alpha,57132,19838,37294
2024-11-07 07:56:22,0.2.0-alpha,57420,19948,37472
2024-11-07 11:02:31,0.2.0-alpha,57421,19949,37472
2024-11-07 11:49:10,0.2.0-alpha,57417,19944,37473
2024-11-09 09:37:28,0.2.0-alpha,57097,19531,37566
2024-11-09 17:49:59,0.2.0-alpha,57225,19536,37689
2024-11-10 15:11:38,0.2.0-alpha,57321,19574,37747
2024-11-11 03:11:59,0.2.0-alpha,57484,19741,37743
2024-11-11 03:28:36,0.2.0-alpha,57484,19741,37743
2024-11-11 20:40:18,0.2.0-alpha,57390,19592,37798
2024-11-12 01:57:40,0.2.0-alpha,57350,19588,37762
2024-11-12 02:01:14,0.2.0-alpha,57351,19588,37763
2024-11-12 19:55:15,0.2.0-alpha,57417,19614,37803
2024-11-13 00:28:55,0.2.0-alpha,57440,19615,37825
2024-11-13 18:14:38,0.2.0-alpha,57439,19623,37816
2024-11-13 23:22:03,0.2.0-alpha,57379,19619,37760
2024-11-14 20:24:45,0.2.0-alpha,57399,19624,37775
2024-11-16 02:37:57,0.2.0-alpha,57893,19635,38258
2024-11-17 01:01:52,0.2.0-alpha,57751,19592,38159
2024-11-18 01:23:51,0.2.0-alpha,57841,19630,38211
2024-11-18 04:54:11,0.2.0-alpha,57900,19632,38268
2024-11-18 22:37:44,0.2.0-alpha,57942,19636,38306
2024-11-19 01:29:12,0.2.0-alpha,57944,19635,38309
2024-11-19 04:06:31,0.2.0-alpha,57944,19635,38309
2024-11-19 05:21:16,0.2.0-alpha,57944,19635,38309
2024-11-23 01:01:00,0.2.0-alpha,58178,19641,38537
2024-11-23 08:25:04,0.2.0-alpha,58290,19749,38541
2024-11-24 01:42:04,0.2.0-alpha,58377,19832,38545
2024-11-24 07:41:18,0.2.0-alpha,58386,19841,38545
2024-11-25 06:13:13,0.2.0-alpha,58407,19847,38560
2024-11-26 04:07:28,0.2.0-alpha,58462,19848,38614
2024-11-27 05:03:36,0.2.0-alpha,58517,19862,38655
2024-11-30 08:22:38,0.2.0-alpha,58569,19859,38710
2024-12-01 04:31:09,0.2.0-alpha,58593,19859,38734
2024-12-02 05:25:23,0.2.0-alpha,58607,19859,38748
2024-12-03 15:24:55,0.2.0-alpha,58769,19907,38862
2024-12-05 07:21:15,0.2.0-alpha,58781,19907,38874
2024-12-06 11:40:05,0.2.0-alpha,58800,19907,38893
2024-12-06 11:59:38,0.2.0-alpha,58804,19911,38893
2024-12-06 17:46:58,0.2.0-alpha,58827,19931,38896
